2286 3250 583617.3780 7225141.4210 949.9260
2488 1445 584053.4540 7225220.5930 961.4010
420 165 584220.8590 7225799.7120 957.8920
2796 3767 583527.2300 7224979.6700 940.7000
652 3269 583492.0540 7225529.0380 936.5200
7 2159 583715.0300 7225763.4360 942.0150
1294 3436 583499.1680 7225362.3280 936.4570
2063 3131 583629.8380 7225202.2730 947.9810
868 1713 583881.5810 7225582.5940 951.9500
2243 3964 583441.5770 7225098.1700 943.3080
502 2763 583605.7010 7225599.1900 943.9770
2709 1839 583977.1040 7225142.0580 958.7370
