357
725.852  672.5  725.856  661.5 1.00418 0.03125 2.54181 0
734.755  370.449  733.179  393.409 2.40621 0.125 36.8592 0
97.5  740.661  738.5  740.674 2.01276 0.125 1132.06 0
0.499753  741.75  95.5001  741.768 2.01876 0.125 157.873 0
354.486  315.068  362.51  314.808 1.22613 0.03125 4.38888 0
254.139  103.019  240.386  113.348 1.60265 0.125 7.23977 0
15.5118  278.008  0.496474  277.647 1.31234 0.125 5.25108 0
527.467  233.221  551.477  232.609 1.89754 0.125 28.7314 0
401.42  121.003  416.511  118.568 1.65592 0.125 2.0024 0
80.5311  218.441  79.7983  230.457 2.23976 0.125 9.76653 0
325.493  444.623  303.508  443.357 1.2857 0.125 8.86344 0
663.937  239.473  664.935  218.473 1.90284 0.125 19.0473 0
700.979  231.513  700.812  237.509 2.08284 0.0625 0.133572 0
433.467  99.4558  454.55  83.5669 1.794 0.125 17.3623 0
663.643  259.486  663.806  249.489 2.03226 0.125 2.54181 0
622.482  588.996  640.531  588.338 2.07153 0.125 19.7005 0
228.579  212.436  229.204  203.479 1.48515 0.0625 1.36392 0
361.5  446.504  342.525  445.153 1.06849 0.125 1.63872 0
561.77  436.508  562.189  421.491 1.36254 0.125 8.35999 0
371.586  530.552  387.545  532 1.72083 0.125 9.76653 0
556.315  181.507  554.537  132.499 1.78113 0.125 61.3574 0
269.791  380.476  269.457  390.499 2.1653 0.125 7.05726 0
275.027  439.488  274.356  465.496 1.92188 0.125 27.0892 0
267.926  415.456  267.364  435.496 2.8024 0.125 36.9371 0
652.5  636.5  634.5  636.5 1 0.125 1.63872 0
26.4767  114.77  35.496  115.547 2.33565 0.125 1.27464 0
29.3752  366.965  39.3013  364.649 1.55776 0.0625 0.460726 0
316.444  470.939  327.533  469.825 2.48978 0.125 8.35999 0
447.552  267.789  466.523  269.187 1.99459 0.125 18.7974 0
612.504  727.644  625.504  727.703 2.04473 0.125 8.86344 0
671.425  536.587  685.494  535.428 1.82899 0.125 7.96035 0
52.3811  407.494  52.8082  398.467 2.23408 0.125 5.25108 0
557.861  550.509  557.788  545.51 2.04344 0.03125 1.03666 0
621.446  598.983  643.415  596.684 1.88507 0.125 13.0961 0
102.501  391.504  125.496  383.489 1.84545 0.125 25.1191 0
24.4892  25.6967  37.5596  26.4141 1.77777 0.125 7.96035 0
56.529  392.966  25.5119  391.281 1.23739 0.125 15.4794 0
58.5  279.5  58.5  254.5 1 0.125 7.96035 0
361.503  706.455  351.5  706.486 2.02145 0.125 3.4449 0
473.557  701.73  495.437  703.349 1.88315 0.125 10.6094 0
716.501  592.904  735.501  592.951 1.03974 0.125 1.63872 0
0.372978  341.866  14.4107  339.054 2.94308 0.125 13.947 0
557.843  538.48  558.213  526.491 1.24635 0.125 0.392593 0
679.475  120.002  651.495  118.595 1.94725 0.125 34.15 0
587.374  76.089  599.462  72.3749 3.08662 0.125 13.1993 0
645.436  403.002  662.542  405.171 2.09526 0.125 8.02017 0
232.496  176.5  233.097  159.486 1.49354 0.125 9.76653 0
385.665  694.447  397.531  696.304 1.76128 0.125 4.34799 0
685.602  269.476  687.148  212.463 2.13133 0.125 84.8655 0
142.936  242.468  144.258  219.486 1.70959 0.125 19.94 0
232.531  375.5  232.534  399.5 2.00208 0.125 29.6345 0
41.483  52.7939  99.5777  56.1582 2.89483 0.125 117.194 0
120.5  57.4972  131.589  58.3938 2.15466 0.125 3.92629 0
486.423  161.502  486.869  181.514 1.31179 0.125 4.34799 0
447.142  280.513  446.74  269.528 1.32833 0.125 0.392593 0
565.096  352.505  564.914  336.507 1.11344 0.125 3.75334 0
632.533  622.528  645.518  622.965 2.13325 0.125 4.62319 0
670.471  11.0131  693.508  9.63219 1.87675 0.125 26.0222 0
691.493  604.009  705.504  603.802 1.19225 0.125 1.27464 0
729.488  658.199  738.514  657.839 1.27765 0.0625 0.460726 0
475.214  617.598  485.452  614.348 2.5567 0.125 3.70879 0
191.043  328.904  200.572  321.593 1.8261 0.125 5.25108 0
648.509  10.8334  668.505  11.1138 1.21017 0.125 10.7422 0
28.49  149.739  17.4919  149.884 2.01299 0.125 4.34799 0
18.4697  50.7896  37.5745  52.7883 2.34722 0.125 23.5129 0
724.442  27.2286  738.549  26.5867 2.40601 0.125 13.3789 0
213.213  81.5004  213.24  100.499 2.02709 0.125 18.7974 0
230.52  425.499  231.36  457.477 2.36682 0.125 34.412 0
359.452  533.33  369.494  530.48 1.52115 0.0625 0.460726 0
597.478  571.501  598.002  591.487 1.18282 0.125 6.15417 0
594.717  232.488  594.86  246.507 3.06103 0.125 25.1191 0
71.5331  391.505  74.4144  373.328 2.80645 0.125 19.9046 0
150.684  518.507  151.25  504.49 2.07896 0.125 11.5727 0
311.264  318.146  332.273  304.158 2.49932 0.125 22.7448 0
312.441  28.259  320.216  26.3471 2.16497 0.125 0.735632 0
233.912  358.666  232.637  369.516 2.68643 0.125 8.35999 0
661.479  100.723  682.574  102.716 3.02576 0.125 21.2372 0
687.057  623.514  686.511  606.468 2.35154 0.125 22.4098 0
702.473  535.166  733.429  532.637 2.84665 0.125 39.4887 0
295.655  642.956  309.427  638.286 1.9105 0.125 6.58469 0
444.232  428.618  442.63  438.521 3.3099 0.125 8.86701 0
281.947  56.1244  289.358  53.1469 3.33879 0.125 0.394661 0
572.105  680.383  569.692  688.557 2.4844 0.125 3.4449 0
186.599  128.506  188.043  104.533 1.75597 0.125 20.8329 0
492.957  51.7349  505.183  43.054 2.34013 0.125 4.79498 0
21.1912  344.687  37.1663  338.621 1.96471 0.125 9.86529 0
152.679  504.501  152.813  485.502 2.09859 0.125 15.1373 0
291.267  297.05  297.632  293.755 2.69551 0.125 2.54181 0
308.372  152.287  318.808  146.012 2.05569 0.125 5.6979 0
158.536  579.503  161.083  549.465 1.75703 0.125 9.65954 0
548.522  472.542  554.445  469.396 2.70457 0.0625 1.61391 0
5.84926  591.71  13.4545  585.445 2.31548 0.125 3.04157 0
264.313  598.696  277.528  595.62 3.46774 0.125 13.3048 0
240.915  293.687  278.569  266.596 2.54532 0.125 61.4876 0
688.489  358.258  702.505  357.608 1.64707 0.125 7.96035 0
30.4237  653.42  19.6708  663.679 1.38058 0.125 4.34799 0
57.8663  694.07  62.7362  698.223 2.81953 0.0625 0.838615 0
235.32  144.33  249.892  128.87 2.22487 0.125 28.7314 0
255.543  123.541  260.915  117.895 1.55503 0.0625 3.74593 0
595.451  500.443  582.102  512.042 1.86889 0.125 9.86529 0
642.526  619.502  643.421  607.494 1.84577 0.125 7.05726 0
282.531  264.547  292.196  258.048 2.17517 0.125 2.0024 0
576.944  211.515  578.144  175.521 1.93229 0.125 33.5533 0
85.5073  272.83  74.4906  273.073 1.19851 0.125 0.392593 0
698.54  647.908  717.455  649.172 2.92666 0.125 8.88355 0
80.5362  616.279  84.5167  619.658 3.58138 0.03125 4.31871 0
507.887  34.7678  496.896  43.9728 1.80168 0.125 4.62319 0
212.987  70.6229  212.085  81.5483 2.56978 0.125 10.6696 0
578.539  159.535  580.973  86.4824 2.23232 0.125 98.1288 0
574.909  224.728  589.045  213.906 1.82358 0.125 11.0267 0
4.69965  712.505  4.79336  726.505 1.09369 0.00390625 8.41422 0
147.558  565.428  151.066  519.467 2.35912 0.125 74.7707 0
197.535  384.485  197.213  405.511 2.24452 0.125 31.5634 0
343.435  37.4096  354.48  29.4723 1.75071 0.125 7.05726 0
530.429  483.377  540.532  477.555 1.63035 0.125 3.4449 0
607.589  196.633  590.318  208.229 1.41112 0.125 9.24843 0
154.034  484.48  155.005  461.479 2.91295 0.125 32.7744 0
43.4485  240.434  45.0809  214.474 1.9333 0.125 27.0892 0
540.828  435.862  532.452  443.447 1.66396 0.125 0.735632 0
693.197  79.475  692.445  88.5781 1.91084 0.125 1.63872 0
584.845  422.989  592.347  413.38 1.84618 0.125 0.288315 0
692.679  88.5423  693.296  100.511 3.30458 0.125 9.05119 0
499.399  291.166  513.338  286.962 2.40128 0.125 8.86701 0
563.552  723.499  563.832  737.513 2.05957 0.125 0.713861 0
653.742  683.739  666.142  671.148 2.11585 0.125 8.02017 0
656.507  563.417  671.567  564.727 2.42577 0.125 9.70602 0
294.745  363.512  292.339  414.492 2.03596 0.125 72.0865 0
493.293  44.204  478.055  54.8645 2.12795 0.125 16.0182 0
183.5  117.5  183.5  134.5 1 0.125 0.735632 0
393.937  181.499  393.984  199.501 1.04645 0.125 1.27464 0
651.499  572.515  665.569  573.37 1.81444 0.125 8.86344 0
62.2012  192.474  70.1128  190.17 2.75895 0.125 2.01771 0
155.269  459.563  157.986  426.458 2.98995 0.125 61.5148 0
674.074  671.456  672.321  688.584 2.80422 0.125 9.74936 0
181.243  255.483  182.049  243.47 1.86159 0.125 5.25108 0
195.138  650.98  182.16  660.012 2.96149 0.125 19.1534 0
368.451  418.747  335.463  417.438 2.91834 0.125 59.1616 0
374.928  612.545  385.372  606.287 1.88919 0.125 1.15216 0
300.529  338.247  284.476  338.865 2.19095 0.125 13.1993 0
428.688  233.492  429.595  254.539 1.86891 0.125 21.5067 0
671.498  623.801  682.498  623.791 3.00839 0.125 14.282 0
687.983  83.5141  687.627  70.4965 1.27326 0.125 1.63872 0
320.637  340.739  303.473  337.649 3.2278 0.125 21.6097 0
192.169  666.003  173  678.747 1.9446 0.125 19.3014 0
395.394  30.3572  405.02  23.1997 2.01659 0.125 2.88481 0
566.813  119.455  567.991  101.402 2.60303 0.125 7.37012 0
254.369  25.5547  270.474  23.3147 2.50579 0.125 9.87743 0
563.551  14.7324  575.564  15.5262 1.79787 0.125 4.34799 0
693.481  325.479  685.439  332.43 1.55121 0.125 0.735632 0
47.4778  257.498  45.0946  292.472 2.01748 0.125 27.7152 0
160.903  582.54  159.313  598.481 1.69246 0.125 5.6979 0
377.34  448.492  376.67  462.508 1.66683 0.125 6.36649 0
430.5  307.495  472.512  305.793 1.5255 0.125 36.5951 0
431.54  43.5982  459.755  32.1274 1.94372 0.125 29.8313 0
679.091  191.522  678.673  202.507 2.07456 0.125 5.25108 0
514.319  196.486  504.282  198.276 2.07572 0.125 0.288315 0
551.06  141.49  551.746  178.495 1 0.125 18.7974 0
687.5  408.5  687.5  388.5 1 0.125 3.4449 0
25.5014  395.466  47.5463  396.369 1.95741 0.125 21.726 0
631.778  217.504  631.685  201.499 1.08666 0.0625 2.54181 0
357.286  139.192  365.029  133.822 1.89523 0.125 0.735632 0
63.3573  622.649  42.3913  602.614 1.51009 0.125 20.4304 0
348.5  330.726  330.498  330.689 2 0.125 15.4794 0
101.534  279.7  82.5263  278.886 1.78424 0.125 10.7422 0
16.6029  501.453  15.0359  531.476 1.69289 0.125 15.7096 0
182.228  241.493  182.759  220.481 2.252 0.125 9.96706 0
391.638  199.51  391.437  181.501 1 0.125 1.63872 0
395.053  210.494  394.915  221.505 1.12578 0.125 2.15766 0
395.926  234.498  395.999  251.502 1.06824 0.125 5.6979 0
531.496  229.336  503.512  229.996 1.11766 0.125 10.6696 0
216.308  308.476  216.127  317.513 2.15933 0.125 2.54181 0
607.837  504.498  607.81  515.501 1.0264 0.00390625 6.74596 0
80.4858  108.116  61.4959  107.678 1.27658 0.125 12.4758 0
49.8215  571.521  51.1111  551.475 1.93167 0.125 14.9389 0
70.4998  422.817  85.5004  422.825 1.00801 0.00390625 20.6036 0
423.255  241.491  423.632  273.498 1 0.125 14.282 0
453.649  24.7123  443.191  32.0595 1.63653 0.125 1.27464 0
631.448  571.072  644.521  572.272 1.71738 0.125 2.01771 0
216.858  530.494  216.738  543.502 1.11038 0.00390625 11.423 0
137.502  109.851  113.504  110.017 2.11755 0.125 25.3007 0
285.523  186.744  294.446  185.917 2.17608 0.125 0.392593 0
169.759  512.535  170.997  503.299 1.94204 0.0625 0.165994 0
633.382  561.402  643.599  562.741 2.76279 0.125 3.74539 0
728.819  659.5  728.802  683.5 1.01711 0.125 7.05726 0
113.508  342.535  103.339  344.765 1.7393 0.125 0.735632 0
121.752  450.525  124.042  427.455 2.89394 0.125 25.2247 0
160.586  402.456  144.448  401.125 2.23984 0.125 12.4982 0
155.601  426.578  146.598  425.597 2.54892 0.125 5.25108 0
184.169  187.488  184.762  170.474 2.38179 0.125 4.00518 0
63.1127  213.42  61.3242  244.432 2.30409 0.125 33.5089 0
112.351  182.493  110.584  218.455 1.85042 0.125 26.0538 0
228.944  278.487  228.696  289.504 1.20242 0.0078125 7.11795 0
343.505  380.9  328.498  380.771 1.12053 0.00390625 10.7256 0
364.5  317.808  351.5  317.811 1.00315 0.00390625 12.2665 0
558.327  184.49  557.614  196.507 1.59107 0.125 3.04157 0
558.767  214.496  558.902  224.508 1.12096 0.0078125 4.51381 0
616.505  493.366  614.464  508.495 2.03712 0.125 5.43421 0
616.742  81.4909  617.496  101.538 2.54687 0.125 19.0762 0
522.336  147.502  522.51  161.5 1.07485 0.0625 2.54181 0
573.966  302.518  576.789  228.511 2.34168 0.125 103.983 0
4.48925  59.8763  45.4843  61.0479 1.22814 0.125 26.3135 0
63.5  62.5  85.5  62.5 1 0.125 5.25108 0
168.5  475.5  168.5  492.5 1 0.125 0.735632 0
170.95  500.494  171.137  482.496 1.17691 0.125 13.3789 0
310.577  353.814  322.536  353.114 2.40578 0.125 12.4758 0
425.996  160.494  426.219  179.503 1.2107 0.125 9.24843 0
652.483  121.941  672.491  122.728 2.43059 0.125 4.13351 0
705.797  447.505  705.924  440.49 2.09 0.0078125 1.66716 0
710.502  185.387  721.486  185.539 2.06883 0.125 5.6979 0
730.18  396.51  729.464  372.501 1.26757 0.125 15.1851 0
19.6938  737.769  31.3912  729.349 1.88212 0.125 4.62319 0
86.515  359.494  93.0322  374.7 1.57568 0.125 8.86344 0
171.757  469.517  172.749  454.517 1.45996 0.125 5.25108 0
347.497  702.557  363.51  703.287 1.40883 0.125 2.01771 0
625.016  130.518  625.694  111.507 1.53543 0.125 5.49427 0
114.088  133.201  133.205  117.149 1.92914 0.125 19.0762 0
166.157  594.486  167.261  567.49 2.28424 0.125 17.9816 0
647.105  125.84  661.462  142.532 1.83438 0.125 19.94 0
119.721  495.548  119.096  485.463 2.36722 0.125 6.58469 0
177.526  292.502  176.674  304.512 1.63441 0.125 2.15766 0
47.021  185.51  46.8255  176.515 1.15188 0.0078125 13.981 0
55.7037  215.501  55.6454  233.5 1.02914 0.125 1.63872 0
77.4401  565.503  77.4998  548.496 2.05959 0.125 24.216 0
97.5  424.83  105.5  424.83 1 0.00012207 10.3175 0
102.476  549.503  102.524  534.497 2.04816 0.125 26.9252 0
209.524  477.502  210.8  464.432 1.69892 0.125 5.25108 0
213.605  406.501  213.706  393.502 1.0934 0.00390625 5.56816 0
393.5  250.5  393.5  234.5 1 0.00390625 18.4733 0
693.774  396.505  693.991  385.49 1.21576 0.125 0.735632 0
10.6629  479.504  10.188  498.517 1 0.0625 0.838615 0
712.797  82.4874  712.583  94.5015 1.21408 0.0625 0.133572 0
57.1134  123.509  57.4718  139.523 1.93239 0.125 3.00875 0
129.495  301.751  106.484  301.298 1.30277 0.125 5.25108 0
289.5  493.495  305.478  494.091 1.40926 0.125 1.15216 0
335.548  474.912  313.449  473.125 1.75161 0.125 8.93837 0
612.166  177.406  613.176  184.546 2.54029 0.125 2.54181 0
646.5  170.527  674.503  170.438 1 0.125 9.76653 0
113.669  220.313  125.736  231.239 1 0.125 0.735632 0
132.527  340.687  115.446  343.121 1.7005 0.125 8.11404 0
232.963  132.485  232.664  143.532 1.94516 0.125 3.92629 0
205.421  351.397  191.302  362.242 2.06859 0.125 7.27469 0
27.9151  248.52  28.6708  232.461 0.950782 0.0625 0.187704 0
94.1177  635.413  92.2344  643.668 1.9499 0.0625 0.460726 0
121.358  465.512  121.456  458.485 2.09814 0.0625 1.36392 0
19.7597  449.473  19.2866  462.529 1.56416 0.0625 0.187704 0
176.431  371.494  177.731  356.434 1.82069 0.125 8.86344 0
179.572  302.504  180.483  287.499 1.93572 0.125 8.11404 0
653.5  668.5  630.5  668.5 1 0.125 6.15417 0
691.887  178.493  692.039  187.508 1.13433 0.0078125 1.28491 0
333.948  354.852  346.828  343.885 2.5934 0.125 9.87743 0
615.825  109.49  616.256  123.507 1.39904 0.125 7.47207 0
691.499  540.658  666.5  540.504 2.0309 0.125 18.2035 0
714.802  380.5  714.796  398.5 1.00649 0.125 0.735632 0
101.72  86.5281  102.99  76.5625 3.35513 0.125 3.33009 0
64.7201  175.498  64.8155  186.506 1.08662 0.00390625 6.74596 0
91.0645  214.446  92.9134  199.428 1.9888 0.125 4.58881 0
645.499  731.802  674.5  731.779 1.02192 0.125 11.5727 0
650.405  271.588  665.551  272.917 2.86612 0.125 13.1284 0
682.5  232.5  682.5  257.5 1 0.125 7.96035 0
689.452  732.891  704.474  734.717 2.83 0.125 14.835 0
97.607  166.372  110.166  176.899 1.18311 0.125 1.63872 0
136.344  118.485  134.38  139.489 1.83381 0.125 10.5514 0
167.567  566.553  168.261  552.488 1.94825 0.125 7.23977 0
18.5123  310.225  5.49354  309.645 1.44373 0.125 6.15417 0
17.1174  124.493  16.8312  139.487 1.24791 0.125 9.76653 0
67.499  110.762  89.5026  110.85 1.08733 0.125 5.25108 0
106.504  53.4403  74.4531  51.1584 1.56562 0.125 25.7394 0
114.5  112.739  131.5  112.716 1.01844 0.00390625 13.0437 0
188.656  36.5147  187.431  49.4934 1.37159 0.125 0.735632 0
203.05  471.55  204.423  456.585 2.00067 0.125 12.4758 0
218.548  727.597  217.304  715.418 1.88802 0.125 5.25108 0
240.271  168.497  240.114  179.509 2.02828 0.125 6.15417 0
332.501  108.858  316.498  108.919 1.06044 0.0625 0.460726 0
620.495  675.949  643.502  675.76 2.1234 0.125 23.0832 0
713.777  400.494  714.057  414.509 1.24027 0.125 6.15417 0
715.804  370.499  715.797  378.5 1.0068 0.000488281 6.10339 0
30.5161  532.302  16.5017  532.583 1.01981 0.0078125 2.09004 0
106.498  108.812  94.4938  108.752 2.00497 0.125 4.81175 0
507.684  177.369  517.398  170.359 2.65857 0.125 4.67056 0
30.3814  696.649  39.2952  703.757 1.57375 0.125 1.63872 0
143.499  61.4082  124.5  61.5472 1.53653 0.00390625 1.2039 0
666.61  243.493  666.495  257.5 2.09023 0.00390625 2.23085 0
170.789  704.147  165.374  714.939 2.69098 0.0625 0.150941 0
572.705  695.524  574.916  676.548 1.15057 0.125 1.15216 0
139.098  457.502  139.005  440.497 2.04366 0.125 10.5968 0
143.426  554.502  143.748  569.495 1.04281 0.0078125 9.13504 0
165.37  608.474  167.415  598.282 2.74457 0.125 0.713861 0
198.366  566.496  198.822  550.481 1 0.015625 0.293015 0
284.129  318.122  274.553  312.412 2.39526 0.125 0.53584 0
307.586  594.817  298.604  593.681 1.74467 0.0625 0.187704 0
400.502  54.4983  412.371  65.6373 1.54813 0.125 2.01771 0
111.445  399.248  100.358  398.436 1.91903 0.125 2.15766 0
171.499  196.593  148.489  196.273 1 0.125 2.01771 0
152.498  215.543  169.505  216.397 1.50002 0.125 6.58469 0
308.453  374.549  297.715  364.275 1.56978 0.125 2.15766 0
22.8647  385.999  30.4636  380.45 1.833 0.125 1.63872 0
498.963  184.924  503.732  179.712 2.27605 0.125 0.735632 0
351.036  247.806  361.567  263.798 2.79078 0.125 8.88355 0
100.494  59.347  79.4863  60.1336 2.26054 0.125 7.60605 0
382.5  318.5  382.5  334.5 1 0.00390625 15.3676 0
490.5  22.4472  512.5  22.41 1.0253 0.125 3.4449 0
571.017  106.52  570.527  119.501 1.45225 0.125 2.54181 0
62.8005  111.299  71.8618  119.229 2.06965 0.125 0.304288 0
85.8648  237.033  95.2566  230.606 2.47574 0.125 4.56472 0
152.51  198.328  168.512  199.302 1.4234 0.125 3.92629 0
264.009  466.523  264.695  451.509 1.136 0.125 0.735632 0
516.5  134.5  516.5  156.5 1 0.125 5.25108 0
74.1974  725.836  59.9994  713.056 2.82453 0.125 7.13078 0
234.967  456.533  233.405  431.506 1.12419 0.125 4.56472 0
57.6817  675.383  63.551  684.467 2.27444 0.125 1.15222 0
507.285  503.986  516.292  507.971 1.93429 0.125 0.392593 0
37.4976  260.547  0.494213  258.611 1.4689 0.125 7.88832 0
58.5077  29.1777  47.4978  29.303 1.12513 0.00390625 4.41687 0
59.8386  257.51  58.5963  299.503 1.0587 0.125 20.4304 0
170.471  54.8457  149.451  53.093 1.32835 0.125 5.6979 0
253.367  561.53  256.953  577.622 1.62296 0.125 0.53584 0
409.105  611.282  413.498  623.501 2.03024 0.125 1.22855 0
598.573  233.489  595.068  210.414 1.67695 0.125 5.13545 0
653.483  557.267  668.498  557.6 1.02194 0.0078125 9.85888 0
28.0446  376.873  15.7292  385.816 2.06151 0.125 8.00385 0
21.0139  275.151  37.3249  262.278 1.94323 0.125 8.22695 0
35.8037  151.472  35.2769  164.531 1.51476 0.015625 0.739044 0
136.472  382.432  117.37  390.178 2.28013 0.125 7.60605 0
162.189  521.516  162.936  488.51 1.54737 0.125 22.1985 0
166.959  520.478  166.353  535.494 1.20078 0.125 0.735632 0
180.713  368.518  181.821  355.442 1.58734 0.125 5.25108 0
348.106  363.601  349.612  354.519 1.6459 0.0625 1.36392 0
488.289  162.508  487.888  152.525 1.28058 0.015625 7.70011 0
527.499  94.3858  552.507  94.1209 1.22236 0.125 7.05726 0
630.501  634.586  649.512  634.305 1.01467 0.125 1.63872 0
667.214  215.474  667.791  231.526 1.49568 0.125 1.63872 0
702.377  271.682  711.487  272.626 1.48934 0.0625 0.187704 0
716.519  619.82  703.505  620.586 1.40955 0.125 0.392593 0
0.128607  559.907  11.6511  570.429 2.02304 0.015625 6.52935 0
656.491  544.097  667.508  543.851 1.24524 0.125 3.4449 0
15.7058  574.277  34.9445  592.018 1.81362 0.125 8.74407 0
214.5  433.5  214.5  457.5 1 0.125 7.05726 0
626.488  538.223  700.525  535.086 2.71778 0.125 113.672 0
431.452  301.171  481.495  299.369 2.95386 0.125 82.3542 0
580.797  511.553  578.194  575.528 2.85834 0.125 107.778 0
381.902  158.519  383.552  211.53 1.81238 0.125 65.4522 0
203.221  225.51  204.706  268.527 2.44733 0.125 48.235 0
0.507765  51.2671  158.499  56.5355 2.36359 0.125 100.853 0
424.558  131.498  430.585  280.537 2.10094 0.125 187.293 0
271.423  345.514  273.719  519.576 11.9858 0.125 18.5461 0
692.501  352.51  731.625  348.83 2.95227 0.125 34.1025 0
22.7879  399.458  17.1808  495.481 1.82172 0.0625 44.2978 0
71.4735  51.0647  3.48248  47.8733 1.28022 0.125 29.6516 0
201.654  442.48  200.159  505.468 2.68731 0.125 16.0758 0
700.519  119.502  700.368  300.54 73.9899 0.0625 30.3344 0
185.007  245.899  309.5  255.494 13.0384 0.0625 11.4482 0
509.498  309.894  0.498043  306.825 2.64468 0.125 12.9344 0
112.977  570.616  121.104  467.548 3.16541 0.125 171.648 0
51.4752  549.498  61.0986  426.469 2.48935 0.125 231.92 0
104.246  523.628  109.973  445.461 3.37909 0.125 52.5398 0
226.005  348.523  210.527  690.501 2.47798 0.125 289.48 0
77.8839  546.531  87.5488  428.422 2.94573 0.125 213.55 0
